Launch satellite in t-20 minutes

01001100 01100001 01110101 01101110 01100011 01101000 00100000 01110011 01100001 01110100 01100101 
01101100 01101100 01101001 01110100 01100101 00100000 01101001 01101110 00100000 01110100 00101101 
00110010 00110000 00100000 01101101 01101001 01101110 01110101 01110100 01100101 01110011


(24, 63, 162), (248, 243, 193), (174, 246, 250),
(149, 95, 232), (188, 156, 169), (71, 167, 127),
(132, 173, 97), (113, 69, 206), (255, 29, 212),

11001100 01100001 01110101 01101110 01100011 01101000 00100000 01110011 01100001 01110100 
01100101 01101100 01101100 01101001 01110100 01100101 00100000 01101001 01101110 00100000 
01110100 00101101 00110010 00110000 00100000 01101101 01101001 01101110 01110101 01110100 
01100101 01110011 


(25, 63, 164), (248, 243, 193), (174, 246, 251),
(149, 95, 232), (188, 156, 169), (71, 167, 127),
(132, 173, 97), (113, 69, 206), (255, 29, 213),
(53, 153, 220), (246, 225, 229), (142, 82, 174)